file: i170b2h0_t0
min: 1.71122371
max: 17092.306826
mean: 7.3414253850314095
variance: 15761.151027466984
